{
  "nbformat": 4,
  "nbformat_minor": 0,
  "metadata": {
    "colab": {
      "name": "MultiVariable extreme value példák.ipynb",
      "provenance": [],
      "collapsed_sections": [],
      "include_colab_link": true
    },
    "kernelspec": {
      "name": "python3",
      "display_name": "Python 3"
    }
  },
  "cells": [
    {
      "cell_type": "markdown",
      "metadata": {
        "id": "view-in-github",
        "colab_type": "text"
      },
      "source": [
        "<a href=\"https://colab.research.google.com/github/wesszabo/Analizis-2-informatikusoknak/blob/El%C5%91ad%C3%A1s/MultiVariable_extreme_value_p%C3%A9ld%C3%A1k.ipynb\" target=\"_parent\"><img src=\"https://colab.research.google.com/assets/colab-badge.svg\" alt=\"Open In Colab\"/></a>"
      ]
    },
    {
      "cell_type": "markdown",
      "metadata": {
        "id": "jFELmKaHGe3m",
        "colab_type": "toc"
      },
      "source": [
        ">[Table of Contents](#scrollTo=laFoxSf1EXIo)\n",
        "\n",
        ">[Szélsőérték számítás](#scrollTo=fs-pYKHiSWWf)\n",
        "\n",
        ">>[Példa 1.](#scrollTo=VLPPnstVlD8M)\n",
        "\n",
        ">>[Példa 2.](#scrollTo=pYtn2OjgmHsa)\n",
        "\n",
        ">>[Példa 3.](#scrollTo=1XTyii2WN6hT)\n",
        "\n"
      ]
    },
    {
      "cell_type": "code",
      "metadata": {
        "id": "nKoD9r5B6rsv",
        "colab_type": "code",
        "colab": {}
      },
      "source": [
        "###################  MODULOK "
      ],
      "execution_count": 0,
      "outputs": []
    },
    {
      "cell_type": "code",
      "metadata": {
        "id": "vsd3_xboSWVy",
        "colab_type": "code",
        "colab": {}
      },
      "source": [
        "from sympy import *\n",
        "ip = get_ipython()\n",
        "ibe = ip.configurables[-1]\n",
        "ibe.figure_formats = { 'pdf', 'png'}"
      ],
      "execution_count": 0,
      "outputs": []
    },
    {
      "cell_type": "code",
      "metadata": {
        "hide_input": false,
        "scrolled": false,
        "id": "ChG-9kIXSWV0",
        "colab_type": "code",
        "colab": {}
      },
      "source": [
        "%matplotlib inline\n",
        "import matplotlib.pyplot as plt\n",
        "from mpl_toolkits import mplot3d\n",
        "from IPython.display import HTML,Latex, display\n",
        "import requests\n",
        "import numpy as np\n",
        "import sympy as sym\n",
        "from sympy.solvers.solveset import solveset_real\n",
        "from sympy import exp, log, sin, cos, sqrt, Matrix, Function, limit, diff,\\\n",
        "symbols, hessian, latex, simplify\n",
        "from scipy import optimize\n",
        "#from numpy import pi, sin, cos\n",
        "import plotly.graph_objects as go\n",
        "from chart_studio.plotly import plot, iplot"
      ],
      "execution_count": 0,
      "outputs": []
    },
    {
      "cell_type": "code",
      "metadata": {
        "id": "4Afae6ce3qtr",
        "colab_type": "code",
        "colab": {}
      },
      "source": [
        "import plotly.io as pio\n",
        "pio.renderers.default = 'colab'"
      ],
      "execution_count": 0,
      "outputs": []
    },
    {
      "cell_type": "code",
      "metadata": {
        "id": "CgM88bZI60Oe",
        "colab_type": "code",
        "colab": {}
      },
      "source": [
        "#####################  BEÁLLÍTÁSOK "
      ],
      "execution_count": 0,
      "outputs": []
    },
    {
      "cell_type": "code",
      "metadata": {
        "scrolled": true,
        "id": "Ek2C2j2dSWV2",
        "colab_type": "code",
        "colab": {}
      },
      "source": [
        "# Sympy to print formula not TeX\n",
        "from sympy import init_printing\n",
        "def custom_latex_printer(exp,**options):\n",
        "    from google.colab.output._publish import javascript\n",
        "    url = \"https://cdnjs.cloudflare.com/ajax/libs/mathjax/2.7.3/latest.js?config=default\"\n",
        "    javascript(url=url)\n",
        "    return sym.printing.latex(exp,**options)\n",
        "init_printing(use_latex=\"mathjax\",latex_printer=custom_latex_printer)"
      ],
      "execution_count": 0,
      "outputs": []
    },
    {
      "cell_type": "code",
      "metadata": {
        "scrolled": true,
        "id": "vFq016MLSWV4",
        "colab_type": "code",
        "colab": {}
      },
      "source": [
        "x, y, z, alpha, beta = symbols('x y z alpha beta', real = True)\n",
        "a, m, r, theta = symbols('a m r theta', real = True) # parameters\n",
        "from sympy.abc import rho, phi"
      ],
      "execution_count": 0,
      "outputs": []
    },
    {
      "cell_type": "code",
      "metadata": {
        "id": "yA3PRk0OKFS4",
        "colab_type": "code",
        "colab": {}
      },
      "source": [
        "# Jupyter to print the results for any variable or statement on it’s own line"
      ],
      "execution_count": 0,
      "outputs": []
    },
    {
      "cell_type": "code",
      "metadata": {
        "id": "_hvwpOfRJz5A",
        "colab_type": "code",
        "colab": {}
      },
      "source": [
        "from IPython.core.interactiveshell import InteractiveShell\n",
        "InteractiveShell.ast_node_interactivity = \"all\""
      ],
      "execution_count": 0,
      "outputs": []
    },
    {
      "cell_type": "code",
      "metadata": {
        "id": "JjNFbAGAW_Cn",
        "colab_type": "code",
        "colab": {}
      },
      "source": [
        "############## TeX macros"
      ],
      "execution_count": 0,
      "outputs": []
    },
    {
      "cell_type": "markdown",
      "metadata": {
        "id": "XUqvcFhrXhXl",
        "colab_type": "text"
      },
      "source": [
        "$\\newcommand{\\grad}{\\mathrm{grad}}$\n",
        "$\\newcommand{\\vec}[1]{\\mathbf{#1}}$"
      ]
    },
    {
      "cell_type": "code",
      "metadata": {
        "id": "N6aEJgeBB8Qj",
        "colab_type": "code",
        "colab": {}
      },
      "source": [
        "##############   SEGÉDFÜGGVÉNYEK"
      ],
      "execution_count": 0,
      "outputs": []
    },
    {
      "cell_type": "code",
      "metadata": {
        "id": "YdieuNaICBqo",
        "colab_type": "code",
        "colab": {}
      },
      "source": [
        "##############  GRADIENT "
      ],
      "execution_count": 0,
      "outputs": []
    },
    {
      "cell_type": "code",
      "metadata": {
        "id": "A72uEQ4Xso-0",
        "colab_type": "code",
        "cellView": "both",
        "colab": {}
      },
      "source": [
        "#@title\n",
        "def gradient(f, varlist):\n",
        "    grad = [diff(f, var) for var in varlist]\n",
        "    return grad        "
      ],
      "execution_count": 0,
      "outputs": []
    },
    {
      "cell_type": "code",
      "metadata": {
        "id": "cZKqc2FUCIAI",
        "colab_type": "code",
        "colab": {}
      },
      "source": [
        "##############  JACOBI "
      ],
      "execution_count": 0,
      "outputs": []
    },
    {
      "cell_type": "code",
      "metadata": {
        "id": "ZPJbB20wLl4C",
        "colab_type": "code",
        "cellView": "both",
        "colab": {}
      },
      "source": [
        "#@title\n",
        "def jacobi(funclist, varlist):\n",
        "    X = Matrix(funclist)\n",
        "    Y = Matrix(varlist)\n",
        "    return X.jacobian(Y)"
      ],
      "execution_count": 0,
      "outputs": []
    },
    {
      "cell_type": "markdown",
      "metadata": {
        "id": "laFoxSf1EXIo",
        "colab_type": "text"
      },
      "source": [
        "# Table of Contents"
      ]
    },
    {
      "cell_type": "markdown",
      "metadata": {
        "collapsed": true,
        "id": "fs-pYKHiSWWf",
        "colab_type": "text"
      },
      "source": [
        "# Szélsőérték számítás"
      ]
    },
    {
      "cell_type": "markdown",
      "metadata": {
        "id": "VLPPnstVlD8M",
        "colab_type": "text"
      },
      "source": [
        "## Példa 1."
      ]
    },
    {
      "cell_type": "markdown",
      "metadata": {
        "collapsed": true,
        "solution2": "hidden",
        "solution2_first": true,
        "id": "0kRAFUmWSWWg",
        "colab_type": "text"
      },
      "source": [
        "<div class=\"exercises\">\n",
        "Legyenek $\\mathbf{r}_i\\in\\mathbf{R}^d$, $i=1,\\ldots,n$ adott pontok. Határozzuk meg az \n",
        "$$\n",
        "f(\\mathbf{r}):=\\sum_{i=1}^n \\Vert\\mathbf{r}-\\mathbf{r}_i  \\Vert^2\n",
        "$$\n",
        "függvény minimumát.\n",
        "</div>"
      ]
    },
    {
      "cell_type": "markdown",
      "metadata": {
        "collapsed": true,
        "solution2": "hidden",
        "id": "AvxJlyL6SWWg",
        "colab_type": "text"
      },
      "source": [
        "<div class=\"solution\">\n",
        "$$\n",
        "f'(\\mathbf{r})=\\sum_{i=1}^n 2(\\mathbf{r}-\\mathbf{r}_i).\n",
        "$$\n",
        "Az $f'(\\mathbf{r})=\\mathbf{0}$ egyenletből \n",
        "$$\n",
        "\\mathbf{r}=\\frac{\\sum_{i=1}^n \\mathbf{r}_i}{n}.\n",
        "$$\n",
        "</div>"
      ]
    },
    {
      "cell_type": "markdown",
      "metadata": {
        "id": "pYtn2OjgmHsa",
        "colab_type": "text"
      },
      "source": [
        "## Példa 2."
      ]
    },
    {
      "cell_type": "markdown",
      "metadata": {
        "collapsed": true,
        "solution2": "shown",
        "solution2_first": true,
        "id": "F5HCBFacSWWh",
        "colab_type": "text"
      },
      "source": [
        "<div class=\"exercises\">\n",
        "Legyenek $\\alpha, \\beta, \\gamma$ egy háromszög szögei. Határozzuk meg a\n",
        "$$\n",
        "g(\\alpha,\\beta,\\gamma):=\\sin(\\alpha)+\\sin(\\beta)+\\sin(\\gamma)\n",
        "$$\n",
        "függvény maximumát.\n",
        "</div>"
      ]
    },
    {
      "cell_type": "markdown",
      "metadata": {
        "hide_input": false,
        "solution2": "shown",
        "id": "LJdW0INgSWWh",
        "colab_type": "text"
      },
      "source": [
        "<div class=\"solution\">\n",
        "Mivel $\\alpha+\\beta+\\gamma=\\pi$ ezért \n",
        "$$\n",
        "g(\\alpha,\\beta,\\gamma)=\\sin(\\alpha)+\\sin(\\beta)+\\sin(\\alpha+\\beta)=:f(\\alpha,\\beta)\n",
        "$$\n",
        "\n",
        "</div>"
      ]
    },
    {
      "cell_type": "code",
      "metadata": {
        "id": "XceImkgCYYoz",
        "colab_type": "code",
        "cellView": "both",
        "colab": {}
      },
      "source": [
        "#@title\n",
        "def f(alpha,beta):\n",
        "    return np.sin(alpha)+np.sin(beta)+np.sin(alpha+beta)"
      ],
      "execution_count": 0,
      "outputs": []
    },
    {
      "cell_type": "code",
      "metadata": {
        "colab_type": "code",
        "outputId": "cdbaee8c-4057-42a6-d7b7-31e7a7cd331c",
        "id": "Pkaq6YwwsKKX",
        "colab": {
          "base_uri": "https://localhost:8080/",
          "height": 1000
        }
      },
      "source": [
        "xx = np.linspace(-0.1,3.2,100)\n",
        "yy = np.linspace(-0.1,3.2,100)\n",
        "X, Y = np.meshgrid(xx,yy)\n",
        "Z = f(X, Y)\n",
        "fig = go.Figure(data=[\n",
        "    go.Surface(\n",
        "        x=xx, y=yy, z=Z,\n",
        "        contours_z=dict(show=True, \n",
        "                        usecolormap=True,\n",
        "                        highlightcolor=\"limegreen\", \n",
        "                        project_z=True)\n",
        "        )\n",
        "    ])\n",
        "fig.update_layout(title=dict(\n",
        "                  text=r'$f(\\alpha,\\beta)=\\sin(\\alpha)+\\sin(\\beta)+\\sin(\\alpha+\\beta)$',\n",
        "                  font=dict(size=20)),\n",
        "                  scene = dict(\n",
        "                    xaxis_title='α',\n",
        "                    yaxis_title='β'),\n",
        "                  scene_camera_eye=dict(x=1.87, y=0.88, z=0.64),\n",
        "                  width=700, height=700, \n",
        "                  margin=dict(l=65, r=80, b=65, t=70),\n",
        "                  legend=go.layout.Legend(\n",
        "        x=0,\n",
        "        y=1,\n",
        "        traceorder=\"normal\",\n",
        "        font=dict(\n",
        "            family=\"sans-serif\",\n",
        "            size=16,\n",
        "            color=\"black\"\n",
        "        ),\n",
        "        bgcolor=\"LightSteelBlue\",\n",
        "        bordercolor=\"Black\",\n",
        "        borderwidth=2\n",
        "    )\n",
        ")\n",
        "fig.show(renderer=\"notebook_connected\")"
      ],
      "execution_count": 98,
      "outputs": [
        {
          "output_type": "display_data",
          "data": {
            "text/html": [
              "<html>\n",
              "<head><meta charset=\"utf-8\" /></head>\n",
              "<body>\n",
              "    <div>\n",
              "            <script src=\"https://cdnjs.cloudflare.com/ajax/libs/mathjax/2.7.5/MathJax.js?config=TeX-AMS-MML_SVG\"></script><script type=\"text/javascript\">if (window.MathJax) {MathJax.Hub.Config({SVG: {font: \"STIX-Web\"}});}</script>\n",
              "                <script type=\"text/javascript\">window.PlotlyConfig = {MathJaxConfig: 'local'};</script>\n",
              "        <script src=\"https://cdn.plot.ly/plotly-latest.min.js\"></script>    \n",
              "            <div id=\"cc8cc10d-2137-45d7-b0bc-7d8a2b29b36d\" class=\"plotly-graph-div\" style=\"height:700px; width:700px;\"></div>\n",
              "            <script type=\"text/javascript\">\n",
              "                \n",
              "                    window.PLOTLYENV=window.PLOTLYENV || {};\n",
              "                    \n",
              "                if (document.getElementById(\"cc8cc10d-2137-45d7-b0bc-7d8a2b29b36d\")) {\n",
              "                    Plotly.newPlot(\n",
              "                        'cc8cc10d-2137-45d7-b0bc-7d8a2b29b36d',\n",
              "                        [{\"contours\": {\"z\": {\"highlightcolor\": \"limegreen\", \"project\": {\"z\": true}, \"show\": true, \"usecolormap\": true}}, \"type\": \"surface\", \"x\": [-0.1, -0.06666666666666668, -0.03333333333333334, 0.0, 0.033333333333333326, 0.06666666666666665, 0.1, 0.13333333333333333, 0.16666666666666666, 0.19999999999999998, 0.2333333333333333, 0.2666666666666666, 0.30000000000000004, 0.33333333333333337, 0.3666666666666667, 0.4, 0.43333333333333335, 0.4666666666666667, 0.5, 0.5333333333333333, 0.5666666666666667, 0.6, 0.6333333333333333, 0.6666666666666666, 0.7000000000000001, 0.7333333333333334, 0.7666666666666667, 0.8, 0.8333333333333334, 0.8666666666666667, 0.9, 0.9333333333333332, 0.9666666666666667, 1.0, 1.0333333333333332, 1.0666666666666667, 1.0999999999999999, 1.1333333333333333, 1.1666666666666665, 1.2, 1.2333333333333332, 1.2666666666666666, 1.2999999999999998, 1.3333333333333333, 1.3666666666666665, 1.4, 1.4333333333333331, 1.4666666666666666, 1.5, 1.5333333333333332, 1.5666666666666667, 1.5999999999999999, 1.6333333333333333, 1.6666666666666665, 1.7, 1.7333333333333332, 1.7666666666666666, 1.7999999999999998, 1.8333333333333333, 1.8666666666666665, 1.9, 1.9333333333333331, 1.9666666666666663, 2.0, 2.033333333333333, 2.0666666666666664, 2.1, 2.1333333333333333, 2.1666666666666665, 2.1999999999999997, 2.2333333333333334, 2.2666666666666666, 2.3, 2.333333333333333, 2.3666666666666667, 2.4, 2.433333333333333, 2.4666666666666663, 2.5, 2.533333333333333, 2.5666666666666664, 2.6, 2.6333333333333333, 2.6666666666666665, 2.6999999999999997, 2.7333333333333334, 2.7666666666666666, 2.8, 2.833333333333333, 2.8666666666666667, 2.9, 2.933333333333333, 2.9666666666666663, 3.0, 3.033333333333333, 3.0666666666666664, 3.1, 3.1333333333333333, 3.1666666666666665, 3.2], \"y\": [-0.1, -0.06666666666666668, -0.03333333333333334, 0.0, 0.033333333333333326, 0.06666666666666665, 0.1, 0.13333333333333333, 0.16666666666666666, 0.19999999999999998, 0.2333333333333333, 0.2666666666666666, 0.30000000000000004, 0.33333333333333337, 0.3666666666666667, 0.4, 0.43333333333333335, 0.4666666666666667, 0.5, 0.5333333333333333, 0.5666666666666667, 0.6, 0.6333333333333333, 0.6666666666666666, 0.7000000000000001, 0.7333333333333334, 0.7666666666666667, 0.8, 0.8333333333333334, 0.8666666666666667, 0.9, 0.9333333333333332, 0.9666666666666667, 1.0, 1.0333333333333332, 1.0666666666666667, 1.0999999999999999, 1.1333333333333333, 1.1666666666666665, 1.2, 1.2333333333333332, 1.2666666666666666, 1.2999999999999998, 1.3333333333333333, 1.3666666666666665, 1.4, 1.4333333333333331, 1.4666666666666666, 1.5, 1.5333333333333332, 1.5666666666666667, 1.5999999999999999, 1.6333333333333333, 1.6666666666666665, 1.7, 1.7333333333333332, 1.7666666666666666, 1.7999999999999998, 1.8333333333333333, 1.8666666666666665, 1.9, 1.9333333333333331, 1.9666666666666663, 2.0, 2.033333333333333, 2.0666666666666664, 2.1, 2.1333333333333333, 2.1666666666666665, 2.1999999999999997, 2.2333333333333334, 2.2666666666666666, 2.3, 2.333333333333333, 2.3666666666666667, 2.4, 2.433333333333333, 2.4666666666666663, 2.5, 2.533333333333333, 2.5666666666666664, 2.6, 2.6333333333333333, 2.6666666666666665, 2.6999999999999997, 2.7333333333333334, 2.7666666666666666, 2.8, 2.833333333333333, 2.8666666666666667, 2.9, 2.933333333333333, 2.9666666666666663, 3.0, 3.033333333333333, 3.0666666666666664, 3.1, 3.1333333333333333, 3.1666666666666665, 3.2], \"z\": [[-0.3983361640887175, -0.33234684426363625, -0.2660992001058959, -0.1996668332936563, -0.13312355073346754, -0.06654328256018882, 0.0, 0.06643236681223952, 0.13268001096997983, 0.19866933079506116, 0.26432701160978445, 0.3295801071901218, 0.3943561208095727, 0.4585830857836227, 0.5221896454253242, 0.585105132323162, 0.64725964685313, 0.7085841348377888, 0.7690104642660254, 0.8284715009882788, 0.8869011833031328, 0.9442345953524103, 1.000408039243226, 1.05535910581687, 1.1090267439858985, 1.161351328562391, 1.2122747265020293, 1.2617403614903857, 1.309693276799675, 1.356080196346132, 1.400849583880178, 1.4439517002436197, 1.4853386586302642, 1.5249644777885516, 1.5627851331071083, 1.59875860552645, 1.6328449282225037, 1.6650062310100782, 1.6952067824169523, 1.7234130293818333, 1.749593634532086, 1.7737195109998098, 1.7957638547375911, 1.8157021742980175, 1.8335123180438804, 1.849174498758825, 1.8626713156311099, 1.873987773586054, 1.8831112999456865, 1.8900317583970963, 1.8947414602539592, 1.8972351729987316, 1.8975101260960194, 1.8955660140706678, 1.8914049968471456, 1.8850316973498509, 1.8764531963670041, 1.865679024683836, 1.8527211524938023, 1.837593976099606, 1.8203143019187817, 1.8009013278116295, 1.7793766217522347, 1.755764097866268, 1.7300899898622, 1.7023828218854296, 1.6726733768277273, 1.6409946621271878, 1.6073818730966944, 1.571872353821636, 1.534505555670322, 1.495322993463187, 1.4543681993494824, 1.4116866744427012, 1.367325838268465, 1.3213349760810431, 1.2737651841070263, 1.224669312777, 1.1741019080082793, 1.122119150603949, 1.0687787938355242, 1.0141400992785925, 0.9582637709727175, 0.9012118879787467, 0.8430478354084665, 0.78383623400322, 0.7236428683397338, 0.6625346137429071, 0.6005793619867786, 0.5378459458662044, 0.47440406272305935, 0.41032419701191203, 0.3456775419912178, 0.2805359206270215, 0.2149717057970536, 0.14905773988386245, 0.08286725384632955, 0.016473785859474274, -0.05004890038706959, -0.11662689764111774], [-0.33234684426363625, -0.2661732124691001, -0.1997778724069748, -0.13323458984678602, -0.06661729492339304, -5.551115123125783e-17, 0.06654328256018877, 0.13293862262231404, 0.19911225441685015, 0.26499065849398223, 0.3305006434043205, 0.39556942701520315, 0.46012471737224514, 0.5240947930162944, 0.5874085826665638, 0.6499957441814097, 0.7117867427090301, 0.7727129279412572, 0.8327066103846158, 0.8917011365639078, 0.9496309630747712, 1.0064317294029435, 1.0620403294293213, 1.1163949815413794, 1.169435297273051, 1.2211023483968102, 1.2713387323934184, 1.320088636226596, 1.3672978983517645, 1.4129140688899695, 1.4568864679001274, 1.4991662416848577, 1.5397064170673431, 1.5784619535789148, 1.615389793499385, 1.650448909694529, 1.6836003511975677, 1.7148072864840138, 1.7440350443917974, 1.7712511526412145, 1.796425373911895, 1.8195297394367165, 1.840538580075333, 1.859428554832803, 1.8761786767916258, 1.8907703364283799, 1.903187322289058, 1.9134158390001237, 1.9214445225952868, 1.9272644531409626, 1.9308691646463925, 1.9322546522474116, 1.9314193766558865, 1.9283642658698772, 1.9230927141426237, 1.9156105782115027, 1.905926170791143, 1.8940502513379331, 1.8799960140961742, 1.863779073439169, 1.8454174465215214, 1.8249315332619316, 1.8023440936787174, 1.7776802226032467, 1.750967321799373, 1.7222350695198507, 1.691515387533551, 1.6588424056601148, 1.6242524238514415, 1.5877838718621433, 1.549477266553772, 1.509375166880252, 1.467522126604532, 1.4239646447989867, 1.3787511141845656, 1.3319317673660827, 1.2835586210233756, 1.2336854181203478, 1.1823675681960935, 1.129662085804444, 1.0756275271703268, 1.0203239251333185, 0.9638127224506682, 0.9061567035338834, 0.8474199246947358, 0.7876676429781688, 0.726966243661187, 0.6653831664982623, 0.6029868307952139, 0.5398465593947946, 0.47603250165844596, 0.41161555552977364, 0.3466672887663528, 0.2812598594273578, 0.2154659357053681, 0.1493586151914023, 0.08301134366289563, 0.016497833484838922, -0.05010801828527116, -0.11673221199766881], [-0.2660992001058959, -0.1997778724069748, -0.13327161659690026, -0.06665432167350725, -2.7755575615628914e-17, 0.06661729492339295, 0.13312355073346752, 0.19944487843238856, 0.26550759447897543, 0.33123830265172255, 0.39656397559260603, 0.4614120359410799, 0.5257104369681211, 0.5893877426207382, 0.6523732068880159, 0.7145968524005142, 0.7759895481757026, 0.8364830864230519, 0.896010258323449, 0.9545049286987506, 1.011902109488509, 1.068138031952243, 1.1231502175170347, 1.1768775471917363, 1.2292603294706748, 1.2802403666514037, 1.329761019492833, 1.3777672701418897, 1.4242057832588064, 1.4690249652731233, 1.5121750217045695, 1.5536080124851408, 1.5932779052209103, 1.6311406263343957, 1.6671541100306682, 1.7012783450327973, 1.7334754190347073, 1.763709560822063, 1.7919471800143825, 1.8181569043842276, 1.8423096147120057, 1.8643784771376626, 1.8843389729733224, 1.902168925943752, 1.9178485268243848, 1.9313603554495322, 1.9426894000663317, 1.951823074012928, 1.9587512297023573, 1.9634661698966003, 1.9659626562582768, 1.9662379151704827, 1.9642916408183, 1.9601259955285597, 1.95374560736748, 1.945157564998846, 1.9343714098084446, 1.9213991253035092, 1.9062551237989416, 1.8889562304051128, 1.8695216643350276, 1.847973017551619, 1.8243342307789003, 1.798631566903624, 1.7708935817969984, 1.7411510925888787, 1.7094371434296818, 1.675786968778066, 1.6402379542551528, 1.6028295951087972, 1.5636034523340407, 1.5226031064985053, 1.4798741093240213, 1.4354639330782915, 1.3894219178328093, 1.3417992166456358, 1.2926487387299272, 1.2420250906713657, 1.1899845157597921, 1.1365848315024505, 1.0818853653882567, 1.025946888974473, 0.9688315503690088, 0.9106028051833566, 0.8513253460328885, 0.791065030662826, 0.7298888087797462, 0.6678646476699014, 0.6050614566870081, 0.541549010693385, 0.4773978725395114, 0.4126793146681124, 0.347465239929893, 0.28182810169887607, 0.21584082337611174, 0.14957671737117217, 0.08310940365146408, 0.016512727949841148, -0.050139320278618435, -0.11677269005950323], [-0.1996668332936563, -0.13323458984678602, -0.06665432167350725, 0.0, 0.06665432167350722, 0.13323458984678596, 0.1996668332936563, 0.26587724524462814, 0.33179226538683004, 0.3973386615901224, 0.46244361126859707, 0.52703478228707, 0.5910404133226792, 0.6543893935923045, 0.7170113418572345, 0.778836684617301, 0.8397967334076116, 0.8998237611119994, 0.958851077208406, 1.0168131018626023, 1.0736454387879226, 1.1292849467900707, 1.1836698099175058, 1.236739606139474, 1.2884353744753823, 1.3386996805009324, 1.3874766801582408, 1.4347121817990456, 1.4803537063920742, 1.5243505458276794, 1.5666538192549668, 1.6072165273888221, 1.6459936047265054, 1.682941969615793, 1.7180205721190507, 1.751190439620051, 1.7824147201228706, 1.8116587231947623, 1.83888995850751, 1.8640781719344526, 1.887195379163066, 1.9082158967857663, 1.927116370834386, 1.9438758027266254, 1.9584755725956513, 1.9708994599769203, 1.9811336618292505, 1.9891668078701128, 1.994989973208109, 1.9985966882585986, 1.9999829459314622, 1.9991472060830104, 1.9960903972270965, 1.9908159155035299, 1.9833296209049371, 1.9736398307662615, 1.9617573105241348, 1.9476952617563905, 1.9314693075149996, 1.9130974749687333, 1.892600175374829, 1.8700001814019158, 1.8453226018293918, 1.8185948536513634, 1.7898466316161403, 1.759109875235124, 1.7264187332977474, 1.6918095259318917, 1.6553207042519211, 1.6169928076391806, 1.5768684187024085, 1.5349921159681092, 1.4914104243534405, 1.4461717634766496, 1.399326393862477, 1.350926361102302, 1.3010254380310595, 1.249679064985179, 1.196944288207913, 1.1428796964704948, 1.0875453559795258, 1.0310027436429283, 0.9733146787685966, 0.914545253271624, 0.8547597604676603, 0.7940246225314997, 0.7324073167014998, 0.6699763003118102, 0.6068009347357131, 0.5429514083245651, 0.47849865842796485, 0.41351429258176725, 0.3480705089515259, 0.2822400161197344, 0.2160959523059963, 0.1497118041098553, 0.08316132486658098, 0.016518452706608563, -0.05014277159033818, -0.11674828685516017], [-0.13312355073346754, -0.06661729492339304, -2.7755575615628914e-17, 0.06665432167350722, 0.1332716165969002, 0.19977787240697473, 0.26609920010589583, 0.3321619161524827, 0.3978926243252298, 0.4632182972661133, 0.5280663576145872, 0.5923647586416281, 0.6560420642942455, 0.7190275285615231, 0.7812511740740213, 0.84264386984921, 0.9031374080965591, 0.9626645799969563, 1.0211592503722577, 1.0785564311620162, 1.1347923536257503, 1.1898045391905419, 1.2435318688652435, 1.2959146511441815, 1.3468946883249109, 1.3964153411663403, 1.4444215918153969, 1.4908601049323136, 1.5356792869466305, 1.5788293433780767, 1.6202623341586482, 1.6599322268944174, 1.6977949480079029, 1.7338084317041753, 1.7679326667063044, 1.8001297407082144, 1.8303638824955701, 1.8586015016878896, 1.8848112260577348, 1.908963936385513, 1.9310327988111697, 1.9509932946468296, 1.9688232476172591, 1.984502848497892, 1.9980146771230394, 2.009343721739839, 2.0184773956864355, 2.0254055513758646, 2.0301204915701074, 2.032616977931784, 2.0328922368439897, 2.030945962491807, 2.026780317202067, 2.020399929040987, 2.011811886672353, 2.0010257314819517, 1.9880534469770161, 1.9729094454724487, 1.95561055207862, 1.9361759860085348, 1.914627339225126, 1.8909885524524075, 1.8652858885771315, 1.8375479034705053, 1.8078054142623858, 1.7760914651031894, 1.7424412904515731, 1.70689227592866, 1.6694839167823043, 1.6302577740075486, 1.5892574281720124, 1.5465284309975285, 1.5021182547517986, 1.4560762395063171, 1.408453538319143, 1.3593030604034344, 1.3086794123448728, 1.2566388374333, 1.2032391531759576, 1.148539687061764, 1.092601210647981, 1.035485872042516, 0.977257126856864, 0.9179796677063958, 0.857719352336334, 0.7965431304532534, 0.7345189693434087, 0.6717157783605152, 0.6082033323668932, 0.5440521942130186, 0.47933363634161963, 0.4141195616034002, 0.3484824233723842, 0.282495145049619, 0.2162310390446794, 0.14976372532497217, 0.0831670496233484, 0.016515001394888807, -0.05011836838599512, -0.11665902949680101], [-0.06654328256018882, -5.551115123125783e-17, 0.06661729492339295, 0.13323458984678596, 0.19977787240697473, 0.2661732124691, 0.33234684426363614, 0.3982252483407682, 0.46373523325110655, 0.5288040168619892, 0.5933593072190311, 0.6573293828630802, 0.7206431725133498, 0.7832303340281958, 0.845021332555816, 0.9059475177880432, 0.9659412002314018, 1.024935726410694, 1.0828655529215574, 1.1396663192497294, 1.1952749192761072, 1.2496295713881653, 1.302669887119837, 1.3543369382435961, 1.4045733222402044, 1.453323226073382, 1.5005324881985505, 1.5461486587367554, 1.5901210577469134, 1.6324008315316438, 1.672941006914129, 1.7116965434257003, 1.748624383346171, 1.7836834995413149, 1.8168349410443536, 1.8480418763307997, 1.8772696342385833, 1.9044857424880004, 1.9296599637586809, 1.9527643292835024, 1.973773169922119, 1.9926631446795888, 2.0094132666384117, 2.0240049262751656, 2.036421912135844, 2.0466504288469096, 2.0546791124420727, 2.0604990429877486, 2.0641037544931784, 2.0654892420941975, 2.0646539665026724, 2.061598855716663, 2.05632730398941, 2.0488451680582886, 2.039160760637929, 2.027284841184719, 2.01323060394296, 1.997013663285955, 1.9786520363683073, 1.9581661231087175, 1.9355786835255033, 1.9109148124500326, 1.884201911646159, 1.8554696593666367, 1.824749977380337, 1.7920769955069011, 1.757487013698227, 1.7210184617089288, 1.6827118564005579, 1.642609756727038, 1.6007567164513175, 1.5571992346457724, 1.511985704031352, 1.465166357212869, 1.4167932108701609, 1.366920007967133, 1.3156021580428794, 1.2628966756512299, 1.2088621170171123, 1.1535585149801049, 1.0970473122974544, 1.0393912933806688, 0.9806545145415211, 0.9209022328249549, 0.860200833507973, 0.798617756345048, 0.7362214206419995, 0.6730811492415811, 0.6092670915052323, 0.5448501453765587, 0.47990187861313793, 0.4144944492741438, 0.3487005255521541, 0.28259320503818786, 0.21624593350968208, 0.14973242333162534, 0.08312657156151394, 0.016502377849117178, -0.05006613777775065, -0.11650501715008589], [0.0, 0.06654328256018877, 0.13312355073346752, 0.1996668332936563, 0.26609920010589583, 0.33234684426363614, 0.3983361640887175, 0.46399384490344076, 0.5292469404837783, 0.5940229541032289, 0.6582499190772789, 0.7218564787189803, 0.7847719656168183, 0.8469264801467862, 0.908250968131445, 0.9686772975596817, 1.0281383342819352, 1.086568016596789, 1.1439014286460667, 1.2000748725368822, 1.2550259391105265, 1.3086935772795545, 1.3610181618560473, 1.4119415597956855, 1.4614071947840421, 1.5093601100933314, 1.5557470296397882, 1.6005164171738344, 1.6436185335372766, 1.6850054919239206, 1.724631311082208, 1.7624519664007647, 1.7984254388201064, 1.8325117615161601, 1.8646730643037346, 1.8948736157106087, 1.9230798626754897, 1.9492604678257424, 1.9733863442934663, 1.9954306880312473, 2.0153690075916737, 2.033179151337537, 2.048841332052481, 2.0623381489247663, 2.0736546068797104, 2.082778133239343, 2.0896985916907527, 2.0944082935476156, 2.0969020062923875, 2.097176959389676, 2.0952328473643242, 2.091071830140802, 2.0846985306435073, 2.0761200296606606, 2.065345857977492, 2.0523879857874587, 2.0372608093932625, 2.0199811352124377, 2.000568161105286, 1.9790434550458906, 1.9554309311599243, 1.9297568231558562, 1.902049655179086, 1.8723402101213837, 1.8406614954208442, 1.8070487063903506, 1.771539187115292, 1.7341723889639782, 1.6949898267568433, 1.6540350326431388, 1.611353507736357, 1.5669926715621214, 1.5210018093746993, 1.4734320174006827, 1.4243361460706556, 1.3737687413019355, 1.3217859838976054, 1.2684456271291806, 1.2138069325722487, 1.157930604266374, 1.1008787212724032, 1.042714668702122, 0.9835030672968763, 0.92330970163339, 0.8622014470365634, 0.8002461952804341, 0.7375127791598606, 0.6740708960167157, 0.6099910303055683, 0.5453443752848732, 0.4802027539206778, 0.41463853909070997, 0.34872457317751876, 0.28253408713998585, 0.2161406191531306, 0.1496179329065867, 0.08303993565253857, 0.01648059609415789, -0.049986137794239716, -0.11628642092400059], [0.06643236681223952, 0.13293862262231404, 0.19944487843238856, 0.26587724524462814, 0.3321619161524827, 0.3982252483407682, 0.46399384490344076, 0.5293946363881632, 0.5943549619770687, 0.6588026502135275, 0.7226660991852298, 0.7858743560744994, 0.8483571959874594, 0.9100451999744661, 0.9708698321551343, 1.0307635158622657, 1.0896597087200812, 1.147492976573349, 1.20419906618527, 1.2597149766233522, 1.3139790292539664, 1.3669309362678157, 1.4185118676601873, 1.4686645165915737, 1.5173331630560423, 1.56446373578662, 1.6100038723289178, 1.653902977216248, 1.6961122781816038, 1.7365848803440502, 1.775275818309323, 1.8121421061267506, 1.8471427850470021, 1.8802389690275918, 1.9113938879355943, 1.9405729283995659, 1.9677436722652824, 1.9928759326125784, 2.015941787293262, 2.036915609952853, 2.055774098501673, 2.0724963010036577, 2.0870636389541324, 2.0994599279206834, 2.1096713955241944, 2.1176866967400736, 2.1234969265026704, 2.127095629598876, 2.1284788078399166, 2.1276449245033784, 2.124594906040514, 2.11933214104695, 2.1118624764979295, 2.1021942112522742, 2.0903380868322827, 2.0763072754898113, 2.060117365571796, 2.0417863442014674, 2.0213345772945095, 1.9987847869323625, 1.9741620261177988, 1.947493650940834, 1.9188092901858838, 1.8881408124139418, 1.8555222905563449, 1.8209899640594664, 1.784582198622392, 1.7463394435723145, 1.7063041869249949, 1.6645209081802292, 1.6210360289047567, 1.5758978611575196, 1.529156553814564, 1.4808640368532284, 1.431073963657509, 1.3798416514087124, 1.3272240196276068, 1.273279526936368, 1.218068106110569, 1.1616510974933734, 1.104091180845907, 1.045452305709528, 0.9857996203573622, 0.9251993994140312, 0.8637189702240008, 0.8014266380503465, 0.7383916101870465, 0.6746839190691027, 0.6103743444659335, 0.5455343348444639, 0.48023592798929465, 0.41455167096812534, 0.34855453953136795, 0.28231785703548556, 0.2159152129801431, 0.14942038124966206, 0.08290723814963, 0.016449680329719565, -0.04987845731610323, -0.1160034836807514], [0.13268001096997983, 0.19911225441685015, 0.26550759447897543, 0.33179226538683004, 0.3978926243252298, 0.46373523325110655, 0.5292469404837783, 0.5943549619770687, 0.6589869621829822, 0.7230711344170934, 0.786536280636364, 0.8493118905407557, 0.9113282199107543, 0.9725163680937703, 1.0328083545533335, 1.092137194396027, 1.150436972792256, 1.2076429182081676, 1.2636914743673549, 1.3185203708624071, 1.3720686923378427, 1.4242769461675708, 1.4750871285516907, 1.5244427889591892, 1.572289092844946, 1.6185728825713648, 1.6632427364669464, 1.7062490259561907, 1.7475439706973486, 1.7870816916667802, 1.8248182621309241, 1.8607117564492612, 1.894722296654049, 1.9268120967550666, 1.9569455047201667, 1.9850890420849736, 2.0112114411477338, 2.035283679707989, 2.057279013310483, 2.0771730049584667, 2.094943552263408, 2.1105709120009233, 2.1240377220456645, 2.135329020660782, 2.1444322631205397, 2.1513373356476064, 2.1560365666495453, 2.1585247352420196, 2.1587990770492347, 2.156859287275183, 2.152707521042277, 2.1463483909969874, 2.1377889621851587, 2.1270387442026797, 2.11410968063025, 2.0990161357639603, 2.0817748786564403, 2.062405064486306, 2.0409282132765965, 2.017368185985852, 1.9917511579983915, 1.9641055900432467, 1.934462196574057, 1.9028539116450571, 1.8693158523210756, 1.8338852796621814, 1.7966015573263434, 1.7575061078360812, 1.7166423665577004, 1.674055733444244, 1.62979352259577, 1.5839049096929994, 1.5364408773627247, 1.4874541585356966, 1.436999177859901, 1.385131991234329, 1.3319102235304092, 1.2773930045703032, 1.2216409034331837, 1.1647158611624926, 1.106681121948928, 1.0476011628656292, 0.9875416222336184, 0.9265692266970835, 0.8647517170895282, 0.8021577731731474, 0.7388569373350485, 0.674919537325083, 0.6104166081211392, 0.5454198130086957, 0.48000136396232507, 0.4142339414175896, 0.3481906135224827, 0.2819447549581131, 0.21556996541883355, 0.14913998784236857, 0.08272862648080674, 0.016409664903471094, -0.04974321597723902, -0.1156565197659458], [0.19866933079506116, 0.26499065849398223, 0.33123830265172255, 0.3973386615901224, 0.4632182972661133, 0.5288040168619892, 0.5940229541032289, 0.6588026502135275, 0.7230711344170934, 0.7867570038987728, 0.8497895031331655, 0.9120986024945958, 0.9736150760606038, 1.0342705785225146, 1.0939977211176397, 1.152730146498747, 1.21040260245762, 1.2669510144207978, 1.3223125566369553, 1.3764257219768286, 1.429230390268143, 1.4806678950896193, 1.530681088949851, 1.5792144067786378, 1.6262139276602356, 1.6716274347399387, 1.7154044732374343, 1.7574964065024805, 1.7978564700506237, 1.8364398235189263, 1.87320360048398, 1.9081069560868533, 1.941111112412069, 1.972179401570184, 2.0012773064361196, 2.02837249899797, 2.0534348762736894, 2.076436593755755, 2.0973520963466417, 2.1161581467507475, 2.1328338512912195, 2.1473606831230008, 2.1597225028163085, 2.169905576287673, 2.177898590058618, 2.1836926638250267, 2.187281360323235, 2.1886606924818826, 2.1878291278515842, 2.184787590307491, 2.17953945902286, 2.1720905647147615, 2.1624491831661095, 2.1506260260311927, 2.1366342289349443, 2.1204893368791495, 2.1022092869718243, 2.0818143884989384, 2.059327300360631, 2.03477300589699, 2.0081787851313493, 1.9795741844619648, 1.9489909838357176, 1.916463161440333, 1.8820268559543356, 1.8457203263966777, 1.807583909620655, 1.7676599754993316, 1.7259928798522601, 1.6826289151658025, 1.6376162591617949, 1.591004921271705, 1.542846687075738, 1.4931950607686333, 1.4421052057160622, 1.3896338831676762, 1.3358393891948892, 1.2807814899234626, 1.2245213551328475, 1.1671214902960585, 1.108645667135574, 1.04915885277243, 0.9887271375472155, 0.9274176615931558, 0.8652985402428738, 0.8024387883516944, 0.7389082436215736, 0.6747774890108336, 0.6101177743159159, 0.5450009370122709, 0.4794993224423341, 0.4136857034392491, 0.3476331994756551, 0.28141519542734833, 0.21510526004208477, 0.1487770642040901, 0.08250429908510301, 0.016360594272880086, -0.04958056403188865, -0.11524591465935058], [0.26432701160978445, 0.3305006434043205, 0.39656397559260603, 0.46244361126859707, 0.5280663576145872, 0.5933593072190311, 0.6582499190772789, 0.7226660991852298, 0.786536280636364, 0.8497895031331655, 0.9123554918245966, 0.9741647353820364, 1.0351485632269393, 1.095239221824412, 1.1543699499579512, 1.212475052901702, 1.2694899754078413, 1.3253513734279894, 1.3799971844889676, 1.43336669664472, 1.4854006159277824, 1.5360411322253709, 1.585231983506891, 1.6329185183315187, 1.6790477565664008, 1.7235684482480174, 1.7664311305213154, 1.8075881825933466, 1.8469938786403612, 1.8846044386095735, 1.9203780768591632, 1.9542750485824647, 1.9862576939647776, 2.016290480023728, 2.0443400400867073, 2.070375210861517, 2.0943670670590464, 2.116288953529505, 2.1361165148765138, 2.15382772251615, 2.169402899150888, 2.182824740631236, 2.194078335180791, 2.203151179963342, 2.2100331949736294, 2.214716734236307, 2.217196594300689, 2.217470020021824, 2.215536707621484, 2.211398805025665, 2.2050609094782248, 2.1965300624333035, 2.1858157417322133, 2.172929851073478, 2.1578867067877248, 2.140703021932125, 2.121397887722048, 2.099992752320564, 2.0765113970093605, 2.050979909767539, 2.023426656287659, 1.993882248461217, 1.9623795103685848, 1.9289534418111844, 1.8936411794264234, 1.8564819554285807, 1.8175170540214969, 1.776789765531483, 1.7343453383114102, 1.6902309284694186, 1.6444955474780918, 1.5971900077223098, 1.5483668660462662, 1.4980803653623862, 1.4463863743870011, 1.3933423255697477, 1.3390071512856403, 1.2834412183607182, 1.226706261004005, 1.1688653122202959, 1.1099826337799665, 1.0501236448236186, 0.9893548491808795, 0.927743761484093, 0.8653588321590123, 0.8022693713758109, 0.7385454720449157, 0.6742579319432017, 0.6094781750570827, 0.5442781722298716, 0.47873036120158524, 0.41290756613001306, 0.34688291668248183, 0.28072976678819117, 0.2145216131413979, 0.14833201354597794, 0.08223450519210362, 0.016302522955822074, -0.04939068218770179, -0.11477212454661928], [0.3295801071901218, 0.39556942701520315, 0.4614120359410799, 0.52703478228707, 0.5923647586416281, 0.6573293828630802, 0.7218564787189803, 0.7858743560744994, 0.8493118905407557, 0.9120986024945958, 0.9741647353820364, 1.0354413332183712, 1.095860317198836, 1.1553545613347227, 1.213857967030905, 1.2713055365219224, 1.3276334450850318, 1.382779111950001, 1.4366812698268583, 1.4892800329743587, 1.5405169637335332, 1.59033513745241, 1.6386792057297712, 1.685495457907683, 1.7307318807444787, 1.7743382162018977, 1.8162660172821807, 1.8564687018530832, 1.8949016044010074, 1.9315220256547558, 1.96